Go is insanely fast!



Killer2 version
==============

[[7 0 1] [27 2 9 10 11] [7 3 4] [17 5 6 7 15] [16 8 17] [8 12 13 14] [14 16 25 26] [10 18 19 28] [13 20 21] [19 22 23 32] [19 24 33 42] [16 27 36] [3 29 38] [12 30 31] [9 34 35] [8 37 46] [12 39 48] [5 40 49] [14 41 50] [6 43 44 53] [17 45 54 63 72] [7 47 56] [16 51 52] [16 55 64 65] [17 57 66] [18 58 59 67] [7 60 69 70] [23 61 62 71] [7 68 77] [17 73 74] [3 75 76] [15 78 79 80]]
[5 2 8 4 3 7 1 6 9 4 9 6 2 5 1 3 8 7 3 1 7 6 8 9 5 2 4 7 6 1 3 9 2 8 4 5 9 5 2 7 4 8 6 3 1 8 3 4 5 1 6 9 7 2 1 4 3 8 7 5 2 9 6 2 7 5 9 6 3 4 1 8 6 8 9 1 2 4 7 5 3]
2021-01-10 14:26:14.746662508 +0000 GMT m=+0.000031886
2021-01-10 14:26:15.02964545 +0000 GMT m=+0.283014849
