[simon@fedora Killer]$ time lein run
started...
{0 5, 1 2, 2 8, 3 4, 4 3, 5 7, 6 1, 7 6, 8 9, 9 4, 10 9, 11 6, 12 2, 13 5, 14 1, 15 3, 16 8, 17 7, 18 3, 19 1, 20 7, 21 6, 22 8, 23 9, 24 5, 25 2, 26 4,
27 7, 28 6, 29 1, 30 3, 31 9, 32 2, 33 8, 34 4, 35 5, 36 9, 37 5, 38 2, 39 7, 40 4, 41 8, 42 6, 43 3, 44 1, 45 8, 46 3, 47 4, 48 5, 49 1, 50 6, 51 9,
52 7, 53 2, 54 1, 55 4, 56 3, 57 8, 58 7, 59 5, 60 2, 61 9, 62 6, 63 2, 64 7, 65 5, 66 9, 67 6, 68 3, 69 4, 70 1, 71 8, 72 6, 73 8, 74 9, 75 1, 76 2,
77 4, 78 7, 79 5, 80 3}

real	0m43.273s
user	0m43.707s
sys	0m0.197s
[simon@fedora Killer]$ 
